,month,expenses_per_capita,average_price_per_kg_or_l,cummulative_cases_for_100k
31,1,0.0,1.12,0.007234253814863868
72,1,0.02,1.49,0.007234253814863868
114,1,0.02,1.49,0.007234253814863868
156,1,0.0,0.0,0.007234253814863868
197,1,0.0,0.0,0.007234253814863868
239,1,0.0,0.0,0.007234253814863868
281,1,0.0,0.0,0.007234253814863868
321,1,0.0,0.0,0.007234253814863868
362,1,0.0,0.0,0.007234253814863868
405,1,0.0,0.0,0.007234253814863868
447,1,0.0,0.0,0.007234253814863868
490,1,0.0,0.0,0.007234253814863868
532,1,0.0,0.0,0.007234253814863868
574,1,0.0,0.0,0.007234253814863868
616,1,0.03,1.49,0.007234253814863868
657,1,0.0,0.0,0.007234253814863868
699,1,0.0,0.0,0.007234253814863868
741,2,0.05,1.59,0.3221088692511484
782,2,0.02,1.97,0.3221088692511484
823,2,0.01,1.73,0.3221088692511484
865,2,0.01,0.79,0.3221088692511484
905,2,0.01,1.73,0.3221088692511484
947,2,0.01,1.55,0.3221088692511484
990,2,0.01,1.94,0.3221088692511484
1031,2,0.01,1.48,0.3221088692511484
1073,2,0.01,1.23,0.3221088692511484
1115,2,0.01,1.63,0.3221088692511484
1158,2,0.0,0.85,0.3221088692511484
1201,2,0.01,1.69,0.3221088692511484
1242,2,0.02,1.96,0.3221088692511484
1283,2,0.01,1.46,0.3221088692511484
1323,2,0.03,1.73,0.3221088692511484
1364,2,0.01,1.73,0.3221088692511484
1405,2,0.0,1.85,0.3221088692511484
1448,3,0.06,1.49,23.44348281463119
1489,3,0.12,1.73,23.44348281463119
1531,3,0.07,1.65,23.44348281463119
1573,3,0.17,1.63,23.44348281463119
1615,3,0.05,1.69,23.44348281463119
1658,3,0.06,1.63,23.44348281463119
1699,3,0.06,1.2,23.44348281463119
1742,3,0.03,1.73,23.44348281463119
1784,3,0.08,1.5,23.44348281463119
1826,3,0.07,1.65,23.44348281463119
1868,3,0.06,1.91,23.44348281463119
1911,3,0.06,1.8,23.44348281463119
1953,3,0.08,2.27,23.44348281463119
1995,3,0.03,2.37,23.44348281463119
2037,3,0.03,2.8,23.44348281463119
2077,3,0.11,1.26,23.44348281463119
2118,3,0.01,1.33,23.44348281463119
2159,4,0.25,1.25,41.00053698069854
2201,4,0.31,1.26,41.00053698069854
2243,4,0.23,1.16,41.00053698069854
2285,4,0.22,1.4,41.00053698069854
2325,4,0.23,1.19,41.00053698069854
2367,4,0.27,1.28,41.00053698069854
2409,4,0.19,1.31,41.00053698069854
2451,4,0.21,1.37,41.00053698069854
2493,4,0.27,1.48,41.00053698069854
2535,4,0.27,1.61,41.00053698069854
2577,4,0.23,1.34,41.00053698069854
2618,4,0.08,2.11,41.00053698069854
2660,4,0.09,1.52,41.00053698069854
2701,4,0.24,1.76,41.00053698069854
2742,4,0.12,1.87,41.00053698069854
2782,4,0.14,1.55,41.00053698069854
2823,4,0.13,1.11,41.00053698069854
2864,5,1.65,1.45,46.53782535496875
2904,5,1.71,1.33,46.53782535496875
2946,5,1.2,1.24,46.53782535496875
2988,5,1.57,1.44,46.53782535496875
3030,5,1.6,1.25,46.53782535496875
3072,5,1.47,1.22,46.53782535496875
3113,5,1.49,1.34,46.53782535496875
3154,5,1.98,1.25,46.53782535496875
3196,5,1.71,1.25,46.53782535496875
3237,5,1.39,1.3,46.53782535496875
3279,5,0.81,1.48,46.53782535496875
3321,5,1.01,1.35,46.53782535496875
3363,5,0.76,1.67,46.53782535496875
3405,5,1.38,1.48,46.53782535496875
3446,5,0.98,1.23,46.53782535496875
3488,5,1.14,1.51,46.53782535496875
3529,5,0.8,1.07,46.53782535496875
3569,6,2.1,1.1,60.258262591916576
3611,6,2.46,1.05,60.258262591916576
3653,6,2.29,0.97,60.258262591916576
3695,6,2.16,1.03,60.258262591916576
3737,6,2.44,0.9,60.258262591916576
3779,6,2.07,0.95,60.258262591916576
3821,6,2.2,1.0,60.258262591916576
3863,6,3.01,0.96,60.258262591916576
3905,6,1.99,0.88,60.258262591916576
3947,6,2.12,0.93,60.258262591916576
3989,6,1.27,1.11,60.258262591916576
4031,6,1.6,1.11,60.258262591916576
4074,6,0.91,0.97,60.258262591916576
4116,6,1.49,1.1,60.258262591916576
4157,6,1.43,1.19,60.258262591916576
4199,6,1.39,0.98,60.258262591916576
4240,6,1.4,1.05,60.258262591916576
4282,7,2.32,0.81,88.11236431217132
4323,7,1.92,0.71,88.11236431217132
4364,7,2.15,0.71,88.11236431217132
4405,7,2.18,0.71,88.11236431217132
4446,7,2.44,0.78,88.11236431217132
4488,7,2.02,0.72,88.11236431217132
4530,7,1.75,0.73,88.11236431217132
4572,7,2.22,0.66,88.11236431217132
4615,7,3.18,0.8,88.11236431217132
4656,7,1.93,0.67,88.11236431217132
4698,7,1.44,0.84,88.11236431217132
4739,7,1.54,0.78,88.11236431217132
4779,7,1.21,0.74,88.11236431217132
4820,7,1.43,0.76,88.11236431217132
4860,7,1.62,0.85,88.11236431217132
4900,7,1.14,0.66,88.11236431217132
4942,7,1.32,0.87,88.11236431217132
4984,8,1.66,0.73,109.29513429764951
5024,8,1.88,0.68,109.29513429764951
5063,8,1.87,0.6,109.29513429764951
5104,8,1.6,0.68,109.29513429764951
5143,8,1.65,0.61,109.29513429764951
5185,8,1.44,0.62,109.29513429764951
5227,8,1.18,0.71,109.29513429764951
5269,8,1.53,0.62,109.29513429764951
5311,8,1.5,0.59,109.29513429764951
5353,8,1.88,0.62,109.29513429764951
5395,8,1.2,0.72,109.29513429764951
5435,8,0.97,0.72,109.29513429764951
5475,8,0.98,0.63,109.29513429764951
5516,8,1.0,0.7,109.29513429764951
5556,8,1.52,0.71,109.29513429764951
5595,8,1.61,0.64,109.29513429764951
5635,8,0.92,0.74,109.29513429764951
5676,9,1.02,0.95,122.25144120620908
5718,9,1.47,0.84,122.25144120620908
5757,9,1.02,0.81,122.25144120620908
5797,9,0.82,0.89,122.25144120620908
5837,9,1.14,0.86,122.25144120620908
5879,9,0.86,0.77,122.25144120620908
5922,9,0.93,0.85,122.25144120620908
5964,9,1.05,0.82,122.25144120620908
6004,9,0.87,0.74,122.25144120620908
6046,9,1.84,0.96,122.25144120620908
6087,9,0.96,1.11,122.25144120620908
6130,9,0.89,0.83,122.25144120620908
6171,9,0.57,0.86,122.25144120620908
6212,9,0.81,0.83,122.25144120620908
6253,9,0.58,0.68,122.25144120620908
6294,9,1.0,0.87,122.25144120620908
6335,9,0.88,1.04,122.25144120620908
6376,10,0.24,1.23,189.76532792499555
6417,10,0.22,1.06,189.76532792499555
6458,10,0.12,0.89,189.76532792499555
6501,10,0.15,0.95,189.76532792499555
6542,10,0.14,1.0,189.76532792499555
6584,10,0.18,0.91,189.76532792499555
6626,10,0.24,1.02,189.76532792499555
6665,10,0.19,0.89,189.76532792499555
6706,10,0.24,0.78,189.76532792499555
6748,10,0.22,0.88,189.76532792499555
6789,10,0.21,1.05,189.76532792499555
6830,10,0.09,1.07,189.76532792499555
6871,10,0.11,0.78,189.76532792499555
6913,10,0.16,1.19,189.76532792499555
6952,10,0.2,0.84,189.76532792499555
6993,10,0.19,1.03,189.76532792499555
7034,10,0.37,1.05,189.76532792499555
7075,11,0.02,1.76,207.12172023686318
7116,11,0.01,1.53,207.12172023686318
7156,11,0.0,0.0,207.12172023686318
7197,11,0.04,2.28,207.12172023686318
7238,11,0.0,0.0,207.12172023686318
7278,11,0.0,1.44,207.12172023686318
7319,11,0.01,0.84,207.12172023686318
7360,11,0.03,0.53,207.12172023686318
7400,11,0.0,1.53,207.12172023686318
7442,11,0.01,4.9,207.12172023686318
7482,11,0.01,1.84,207.12172023686318
7522,11,0.03,2.01,207.12172023686318
7562,11,0.0,0.0,207.12172023686318
7603,11,0.01,1.41,207.12172023686318
7642,11,0.0,0.0,207.12172023686318
7683,11,0.01,1.25,207.12172023686318
7724,11,0.1,1.35,207.12172023686318
7764,12,0.02,0.7,103.07230142104872
7804,12,0.0,0.0,103.07230142104872
7846,12,0.0,0.0,103.07230142104872
7887,12,0.02,1.6,103.07230142104872
7927,12,0.01,1.29,103.07230142104872
7968,12,0.01,2.56,103.07230142104872
8009,12,0.03,1.33,103.07230142104872
8050,12,0.0,0.0,103.07230142104872
8092,12,0.0,0.0,103.07230142104872
8134,12,0.01,1.3,103.07230142104872
8172,12,0.02,2.61,103.07230142104872
8212,12,0.01,2.58,103.07230142104872
8251,12,0.0,0.0,103.07230142104872
8291,12,0.0,0.0,103.07230142104872
8330,12,0.0,0.0,103.07230142104872
8371,12,0.0,0.0,103.07230142104872
8411,12,0.03,1.6,103.07230142104872
